209 19 220 109 263 63 257 172 265 165 270 151 207 7 253 53 255 55 282 174 212 112 215 122 208 118 278 78 277 68 279 79 203 3 271 71 213 113 214 114 256 156 204 4 281 182 254 58 202 102 262 62 205 105 266 166 218 111 217 117 201 1 274 159 259 181 269 69 275 75 267 80 223 23 221 106 210 110 216 121 264 164 273 173 211 16 252 152 276 67 222 20 280 54 206 8 268 70 272 60 258 177 261 161 219 24 251 157 260 76 224 15 
222 13 264 165 254 180 206 106 275 75 215 110 261 179 257 173 212 103 209 23 270 164 267 67 262 57 218 18 274 74 277 77 269 169 216 16 223 111 252 52 214 14 256 156 203 9 208 108 272 162 276 70 263 63 202 122 280 54 282 68 224 24 251 151 204 104 273 82 266 166 268 176 271 81 258 58 281 71 255 155 279 161 213 21 205 105 260 60 220 120 265 72 207 107 217 17 211 112 278 178 221 101 253 153 219 19 201 2 210 15 259 159 
269 169 281 164 277 177 223 123 214 17 202 2 265 165 207 10 219 1 222 122 266 66 274 181 255 175 215 107 259 159 256 56 276 57 264 60 201 115 279 79 217 118 272 72 271 171 263 155 262 58 267 163 206 6 204 4 260 62 257 178 218 11 210 12 261 61 211 119 278 51 253 153 212 113 221 21 251 168 213 16 268 67 203 3 216 14 252 152 275 182 273 73 208 108 220 120 205 5 280 180 282 174 209 9 270 170 258 76 254 154 224 24 
267 169 281 181 206 2 207 21 203 106 221 5 271 180 272 72 270 153 205 7 279 179 269 55 219 119 273 168 260 60 224 24 222 22 202 12 212 23 274 173 276 176 215 115 209 9 282 182 277 77 217 117 223 10 268 64 213 103 261 61 265 175 258 170 275 71 259 59 280 57 251 151 210 113 257 67 263 163 208 108 220 20 201 101 214 114 256 56 278 78 216 16 255 158 264 74 204 4 211 118 252 165 254 154 218 111 253 52 262 162 266 66 
260 161 271 71 253 153 281 181 265 165 219 11 269 169 203 18 215 23 205 9 201 1 256 163 211 105 258 180 275 75 207 107 267 67 282 172 210 110 216 116 277 74 257 76 272 160 224 24 278 78 208 8 252 158 214 119 255 52 279 68 217 14 262 162 206 106 276 82 263 177 204 17 266 166 209 22 270 70 261 56 212 12 268 157 220 120 213 13 259 159 218 104 274 55 222 103 202 2 264 164 273 73 221 21 251 51 223 115 254 154 280 179 
214 8 206 101 221 121 265 65 201 120 258 58 210 124 223 123 281 181 257 64 219 19 220 6 263 63 272 168 274 174 222 115 282 82 279 71 266 179 203 103 275 154 277 177 251 151 209 109 273 52 207 7 202 2 271 67 256 156 264 180 261 161 205 14 255 160 211 111 260 73 276 76 267 66 259 59 224 18 252 175 280 55 269 69 204 4 218 105 270 57 254 172 262 162 213 13 215 17 268 70 278 78 216 16 212 112 208 110 217 122 253 153 
206 106 276 175 274 64 213 13 267 167 275 158 280 80 219 8 262 62 279 181 264 154 271 178 217 15 218 118 261 161 254 76 210 10 212 12 214 5 251 151 222 121 260 153 207 7 268 168 273 74 209 9 205 19 263 63 253 71 259 159 269 69 277 173 221 123 255 155 265 65 252 52 281 79 270 170 204 104 224 22 208 17 257 57 201 1 223 111 272 172 278 77 216 124 215 116 220 120 266 66 258 182 256 160 282 56 211 14 202 102 203 103 
263 163 276 76 222 22 255 155 212 112 256 156 224 7 280 165 266 181 220 119 207 108 282 172 202 102 203 23 219 20 274 174 270 170 260 60 252 52 275 75 268 59 218 17 217 15 251 168 257 57 277 77 267 67 214 14 258 58 265 61 215 5 254 162 216 116 209 3 201 1 208 109 253 64 261 53 262 182 221 121 264 173 211 111 271 71 204 4 278 166 205 24 279 179 213 113 210 110 206 6 272 80 273 78 269 169 259 151 281 154 223 118 
223 123 259 173 207 7 267 167 277 177 268 78 209 15 255 155 275 51 206 106 252 52 262 175 257 57 215 11 266 66 224 103 261 161 216 109 213 113 271 62 276 68 212 12 258 182 270 58 210 10 272 72 222 122 260 159 218 114 281 170 205 5 254 154 265 181 269 69 282 171 214 18 211 24 201 116 274 174 264 164 273 53 203 4 253 65 217 21 278 76 251 160 279 79 280 80 263 163 220 20 221 117 208 108 202 2 256 156 219 19 204 101 
259 59 270 68 216 13 208 103 276 176 223 123 256 53 217 9 215 105 278 178 282 55 281 181 253 56 252 170 275 175 258 163 266 66 210 10 280 152 265 65 204 4 206 106 203 11 274 67 220 20 213 117 262 162 207 7 267 182 279 164 211 14 205 101 272 72 254 154 201 108 214 119 260 160 255 79 269 169 224 124 202 2 221 21 212 12 219 15 273 77 264 74 251 151 222 122 218 18 261 61 263 158 277 180 268 173 209 16 257 157 271 71 
